Matriz de confusão para knn k = 1

[[  99  145   62  105   99   59   50   57   30   36   43   16  208  112
   191  134   84   97  166   22  121   26  137   24   26   34]
 [  53  205   19   62   51   29   52   38    7    8   18    3  145   64
    78   65  108   83   64    1   58    5  106    7    9   31]
 [ 114   61  234   72   82  132   56   52  201   55   34   83  218  157
   432  182   54   95  451  119  243   96   77   47   93   31]
 [ 101  133   35   70   64   47   50   34   13    8   30   11  155   79
   165   96   66   67   96   13   87   22  111   13   20   23]
 [  91  125   52   65   73   64   50   50   20   17   38   20  181   86
   195   84   58   78  138   20  106   32   86   13   19   21]
 [ 124   88  124  110   73  238   78   80   59  110   71   76  162  157
   123  247   83  118  225  211  179   74  178   67  132   36]
 [  34   70   19   37   35   36   28   16   14   18   13   10   95   48
    37   45   46   44   29    7   39   11   80   14    6   12]
 [  56   59   22   49   39   45   38   24   13   18   27    6  107   57
    68   51   60   49   61   25   57   11   88   17   20   10]
 [  43   29  238   32   36   73   17   29 1816   52   21  115   73   61
   577   62   19   45  311  110  163   86   40   17   61   16]
 [  49   28   69   40   35   94   31   26   41   40   32   31   69   80
    36   85   32   36   83   83   94   26   73   30   55   20]
 [  53   51   25   48   22   30   31   22   10   30   24   11   80   55
    45   59   45   40   55   17   69   10   47   13   15   11]
 [  40   14  125   25   43  126   13   34   84   52   23   77   73   92
    81   94   21   32  175  152  127   62   33   35   97   11]
 [ 189  251   79  143  122   74   97   71   33   29   61   17  352  144
   293  161  146  136  238   21  185   25  140   35   28   48]
 [ 142  146  111  105   86  115   66   65   49   38   41   46  233  135
   270  185   86  125  261   55  192   50  144   36   46   44]
 [ 284  272  297  252  316  133   73  109  418   29   50   50  614  310
  2932  215  114  296 1160   28  440  114  107   57   50   62]
 [ 162  149   88  113   98  142   86   78   34   57   55   26  251  142
   153  224   95  116  169   73  170   44  203   47   62   55]
 [  53  113   15   38   30    9   25   26    6   12   11    1  107   42
    35   49   76   37   35    6   48    7   89   14    6   17]
 [  76  144   34   74   60   34   41   29   17   19   29   16  159   93
   150   85   75   98  131   10  104   19  100   21   15   36]
 [ 302  231  400  209  248  251  101  127  225   81   70  157  530  330
  1273  311  100  269  950  153  478  161  163  113  119   62]
 [  99   29  190   55   57  340   47   69   82  148   63  155  116  161
    92  224   36   66  256  436  186   98  119   67  214   28]
 [ 197  159  219  144  150  163   69   78  110   69   59   70  360  221
   567  238  110  156  530   93  313   92  175   61   64   45]
 [  54   25  109   49   32   85   20   25   67   31   21   49   98   70
   163   75   19   44  189   67  135   43   46   29   44   31]
 [ 105  120   25   79   47   49   53   43   14   29   31    9  187   74
    54   85  110   80   60   16   85   15  172   22   30   29]
 [  56   43   30   38   22   54   13   28   12   28   21   17   83   46
    62   78   35   43   70   26   57   13   46   19   26   20]
 [  58   28   79   44   37  138   21   38   43   57   25   62   82  103
    64  110   24   38  136  116   96   37   64   35   82   24]
 [  26   45    7   31   18   33   19   13    8   13   15    6   74   29
    27   49   24   38   29   12   34    6   34    7   10   13]]

Acurácia de: 0.13339922451151828%.