Matriz de confusão para knn k = 11

[[ 189  321   49   97   69   66   42   24    9   14   16    6  293   92
   336  106   53   39  122   10   67    4  148    3    4    4]
 [ 104  475    9   49   42   16   39   14    0    4    4    1  198   30
    80   33   80   35   29    1   16    0  105    1    0    4]
 [ 158  129  271   79   64  191   26   36  185   26   21   61  265  132
   765  137   18   42  501  108  154   18   51    9   18    6]
 [ 141  285   31   71   54   42   39   21    3   15   12    2  190   64
   227   71   48   47   69   11   42    1  111    0    3    9]
 [ 165  239   63   71   58   69   37   23    9   11   10   10  213   81
   335   70   40   34  112   16   49    1   56    5    5    0]
 [ 222  156  185   89   84  424   45   43   24  106   45   57  227  139
   170  270   30   44  193  307  147   14  155    6   38    3]
 [  92  150   19   38   25   25   19   15    5   10    7    2  119   41
    44   47   26   23   21    8   29    2   72    2    0    2]
 [ 109  139   31   54   36   64   24   20    4   12    9    1  153   56
    85   65   21   26   46   19   32    1   64    1    2    3]
 [  77   43  204   38   12  102   11   16 2104   24   10   55   84   37
   742   48   11   11  291  115   60    5   34    1    6    1]
 [ 101   41   72   42   29  168   25   16   33   40   25   25   85   59
    43  110   10   18   85  137   43    8   80    2   20    1]
 [  94  105   32   43   26   65   22   12    5   13   10    3  113   37
    46   74   29   17   44   13   45    5   56    0    7    2]
 [  83   19  170   33   38  216    7   23   68   34   10   57   78   82
   116   92    6   10  232  219   70    9   25    3   40    1]
 [ 290  525   72  135  105   69   72   44   10    9   16    8  469  123
   473  113   77   75  179    9   84    6  142    1    1   11]
 [ 237  286  130  120   94  149   53   38   14   21   21   32  289  122
   395  157   71   59  252   59  113    7  131    8   11    3]
 [ 343  447  176  139  151   84   39   47  183    9   12   11  662  155
  5088  104   49  107  766   17  128    5   52    1    5    2]
 [ 302  298  103  137   96  188   60   46   10   43   39   19  351  149
   178  209   63   56  128   84  118    9  179    5   15    7]
 [  78  251    9   27   27   11   25    6    0    7    2    0  168   37
    46   29   53   22   18    4   20    0   65    1    0    1]
 [ 153  292   33   76   59   35   15   17    3    8    9    6  254   78
   243   55   51   39   84    6   52    0   93    1    3    4]
 [ 384  346  466  190  169  316   54   59  117   36   27  108  627  201
  2235  217   49  103 1098  161  275   30  104    7   28    7]
 [ 151   30  261   44   37  622   30   47   53  137   31  147  103  118
    83  206   11   18  288  708  108   22   90   14   73    1]
 [ 333  306  269  139   94  203   45   33   72   37   35   38  426  147
  1005  205   61   65  555   75  169   20  157    5   16    2]
 [  89   48  129   43   33  125   20   21   51   24    8   39  125   67
   230   87   10   23  237   82   72    6   30    3   16    2]
 [ 152  310   27   77   38   48   54   22    6   25   18    3  250   63
    52   78   67   30   27   17   40    3  206    5    2    3]
 [  99   72   36   38   34   81   18   18    4   15    7   10  118   53
    74   90   16   22   50   38   41    6   34    5    6    1]
 [ 106   34  102   38   32  253   19   25   29   47   21   44   95   82
    70  134   12   17  125  204   58   10   49    4   27    4]
 [  61   99   11   22   25   31   20   10    0    5    6    1   88   28
    42   42   23   11   24   12   26    1   29    0    2    1]]

Acurácia de: 0.18152512734737322%.