Matriz de confusão para knn k = 3

[[ 281  330  129  166  135  111   73   80   29   36   51   21  232   86
   185   53   26   24   55    4   25    6   39    0    2    4]
 [ 171  469   31   85   78   44   66   38    9   10   11    4  137   25
    49   23   44   15   12    0   10    0   36    0    0    2]
 [ 320  163  517  160  142  244   88   87  236   66   38   86  239  141
   417   86   18   26  229   44   74   11   22    2   13    2]
 [ 242  297   69  125  109   67   64   50   20   16   28    8  146   62
   126   46   22   25   35    8   13    1   27    0    2    1]
 [ 235  254  127  130  118  100   71   39   27   17   33   18  167   73
   182   42   25   25   43   10   23    3   18    0    1    1]
 [ 363  218  310  224  167  428  106  121   75  145   74   72  170  127
    90  137   27   33   83  122   40   11   49    3   26    2]
 [ 109  168   41   77   66   51   37   30   10   13   13    7   72   34
    22   23   19    5   12    3    9    0   19    2    0    1]
 [ 152  150   45  101   61   80   57   41   17   21   26   11   93   46
    47   34   14   12   20    8   12    0   24    0    4    1]
 [ 128   68  486   60   57  144   37   38 2001   39   14   79   68   48
   552   34    4   11  158   56   33    7   10    0    9    1]
 [ 143   71  154   81   65  171   46   35   57   53   27   38   57   56
    28   59    9   10   45   57   19    3   21    1   11    1]
 [ 128  117   59   73   54   68   46   41   17   25   19   10   85   40
    31   36   13   12   12    6   14    1    9    0    2    0]
 [ 131   33  292   80   71  238   24   36  113   62   30   77   72   78
    72   56   10   14   99   80   35    9    6    4   19    0]
 [ 438  561  147  274  204  108  121   91   34   32   53   18  332  124
   250   58   56   51   73    1   37    1   42    1    4    7]
 [ 378  308  226  212  158  200  101   96   53   53   48   30  244  106
   249   85   30   42  113   24   47    4   53    1    9    2]
 [ 740  603  593  427  494  207   92  144  436   30   80   45  655  274
  3094   82   26   84  543    7   95    7   18    3    2    1]
 [ 405  348  197  221  177  226  130  109   52   72   73   29  212  121
    95  108   43   42   63   33   51    8   65    2    7    3]
 [ 126  244   23   66   60   22   41   27    4   14   17    1  103   34
    26   18   22   10    6    2    5    0   33    1    0    2]
 [ 237  310   75  138  107   58   58   45   21   22   25   10  175   68
   138   30   18   30   46    2   24    0   28    0    0    4]
 [ 727  466  881  403  429  440  131  182  274   81   80  172  596  280
  1265  160   34   77  482   68  119   18   25    6   16    2]
 [ 259   87  437  131  133  625   74  103  132  201   58  187  100  119
    64  122   13   23  149  278   46    9   38    3   41    1]
 [ 491  332  483  277  267  287  106  127  149   83   79   81  377  177
   555  138   46   45  234   39   64    9   53    3    7    3]
 [ 156   64  214   92   73  144   41   56   79   38   19   48  100   73
   142   48   10   22  104   33   37    6   16    1    3    1]
 [ 273  280   74  146   76   80   75   58   20   21   28   17  176   47
    44   30   48   26   19    7   16    1   56    2    1    2]
 [ 138   85   81   78   53  105   27   38   17   34   19   18   82   35
    41   46   13   11   22   12   12    3   10    1    5    0]
 [ 161   68  184   92   81  256   51   53   64   70   35   50   79   71
    51   53   14    9   60   80   20    6   18    2   13    0]
 [  71   87   23   60   40   47   29   26   11   14   12    4   64   27
    24   25    6   10   13    7    7    1    9    0    1    2]]

Acurácia de: 0.13320155097696343%.