Matriz de confusão para knn k = 5

[[ 321  325  113  150   95   94   61   44   18   18   24   12  200   68
   222   57   42   37   85    7   68    7  102    3    6    4]
 [ 205  436   26   69   69   30   33   13    4    6    4    1  142   27
    54   19   80   29   15    0   22    2   77    1    0    5]
 [ 361  153  430  138  111  204   47   52  190   35   23   56  197   96
   545   83   20   38  378   71  143   24   37    7   26    6]
 [ 259  291   72  106   74   41   40   33   12    6   11    3  139   53
   155   54   36   39   42    8   33    3   86    1    6    6]
 [ 261  266   98   99   78   82   43   28   13   17   13   12  154   48
   255   51   49   28   84   10   36    4   44    2    3    4]
 [ 423  217  304  179  140  399   67   71   41  103   35   44  134   90
   119  160   30   32  143  197   83   13  124    9   62    4]
 [ 122  174   39   67   46   33   30   22    4    9   10    4   60   32
    29   25   21   14   21    3   22    2   48    3    0    3]
 [ 182  147   60   94   39   54   32   26    8   20   11    3   98   36
    44   44   25   18   31   13   24    2   53    3    6    4]
 [ 128   65  360   54   39  113   23   25 2033   22    6   50   56   21
   655   28   10    6  244   91   50   17   25    2   17    2]
 [ 160   78  136   72   50  161   28   26   40   37   22   26   54   35
    27   62   12   14   60   92   39    8   56    3   17    3]
 [ 159  125   54   70   46   62   27   24    8   22   12    4   79   33
    29   44   19    9   22    6   25    2   32    2    3    0]
 [ 151   37  275   63   57  218   24   29   70   43   12   55   53   44
    86   60    4   10  169  144   63   15   11   12   34    2]
 [ 503  556  140  234  142   82   83   62   17   22   28   11  276   91
   310   72   77   53  140    3   81    4  108    6    5   12]
 [ 411  303  215  187  124  181   76   54   22   23   29   26  203   80
   288  103   54   47  178   41   93    8   98    6   17    5]
 [ 674  515  403  271  285  123   61   90  269   13   27   23  558  146
  4114   79   42  125  716   14  164   16   36    8    7    3]
 [ 499  358  183  189  136  186   85   61   22   38   30   15  214   96
   122  130   45   53   92   65   87   15  142    9   13    7]
 [ 136  248   30   53   39   15   27   16    4    5    8    0  106   25
    20   15   37   26   14    2   19    2   55    1    1    3]
 [ 255  301   67   94   83   45   34   27   10   16   15    4  169   59
   168   32   40   45   75    4   57    2   60    1    2    4]
 [ 793  460  741  329  267  345   77  109  158   48   32  109  454  181
  1695  138   34   89  795  113  266   45   77   10   41    8]
 [ 302   73  419  109  119  553   44   69   85  141   39  145   68   87
    56  127   12   12  200  488   90   33   65   10   84    3]
 [ 561  359  426  234  181  207   66   82  100   40   39   49  313  117
   727  128   40   65  410   53  135   18  126    9   22    5]
 [ 169   74  194   68   54  111   26   38   61   20   10   39   95   49
   167   56   11   12  167   62   71   13   34    4   14    1]
 [ 303  291   71  106   47   60   47   33    9   18   19    7  176   49
    34   46   58   32   22   11   29    3  135    5    5    7]
 [ 152   97   66   68   47   93   21   30   11   15    8    7   67   40
    52   55    7   14   42   21   32    4   24    0   10    3]
 [ 184   61  180   76   79  218   40   47   41   48   26   37   61   44
    54   74    9   10   82  142   49    9   37    6   27    0]
 [  97  109   24   46   38   32   15   21    4   10    4    1   59   20
    28   25    7   10   17   11   14    2   22    0    1    3]]

Acurácia de: 0.15572112825971263%.