Matriz de confusão para knn k = 7

[[ 276  312   78  114   51   65   41   24   13   12   15    8  249   90
   285   75   65   58  110   10   74    9  132    7    4    6]
 [ 153  418   19   57   55   22   36   11    1    6    4    1  174   36
    70   24   97   50   24    1   22    1   80    3    0    4]
 [ 261  130  335   95   80  177   23   36  191   35   18   57  237  119
   658  113   20   49  447  101  161   24   56   11   29    8]
 [ 214  267   48   72   56   37   34   23    5    9    9    3  175   65
   192   74   50   50   69    9   38    3   89    1   10    7]
 [ 213  243   81   74   54   67   33   24   11   13   10    8  187   74
   286   59   61   36   95   10   65    3   61    2    6    6]
 [ 351  177  258  133  110  366   54   49   33   87   30   55  173  120
   150  215   39   44  187  244  117   16  140   10   60    5]
 [ 109  170   35   50   36   24   20   13    4    8    4    1   75   41
    38   37   38   24   25    4   27    3   52    2    0    3]
 [ 152  142   40   71   30   52   29   18    5   13    7    2  123   43
    67   56   25   33   36   17   38    4   59    5    8    2]
 [  99   56  267   43   22   95   13   17 2095   24    8   61   72   36
   699   48   12   12  253   98   48   15   34    1   14    0]
 [ 158   55  104   48   38  149   24   18   28   28   26   24   72   44
    34   87   18   19   85  112   48    7   64    7   19    2]
 [ 126  105   46   47   31   60   21   16    8   16    7    3  101   39
    39   55   26   14   32   13   45    4   53    3    6    2]
 [ 132   30  199   40   53  189   13   15   70   41    8   64   59   60
   114   77    4   13  213  175   76   12   22   16   43    3]
 [ 405  507  114  170  119   63   57   45   11   11    9    4  367  114
   382  109   82   82  187    7  111    9  129    2    8   14]
 [ 332  279  171  132  108  148   45   28   14   17   17   34  253  100
   342  146   73   79  216   46  119   15  131    9   13    5]
 [ 479  442  265  187  203   84   38   53  227    7   11   16  668  177
  4620  108   50  130  736   13  183   20   49    8    5    3]
 [ 423  303  135  138  107  158   62   43   16   26   31   21  281  137
   151  177   52   58  130   73  135   14  183    8   20   10]
 [ 120  229   20   36   27    7   24    8    1    4    5    0  121   31
    33   24   53   31   15    3   28    2   77    2    1    5]
 [ 205  279   39   82   57   35   23   21    7   11    7    3  220   74
   210   44   58   53   80    5   71    0   79    1    4    1]
 [ 588  377  593  227  195  283   48   63  138   37   30  102  553  201
  1975  189   53  126  959  155  290   50  103   21   50    8]
 [ 242   50  323   80   64  552   32   48   62  136   23  156   89  106
    74  180   14   17  262  603  107   33   80   14   85    1]
 [ 437  300  332  161  127  187   47   47   83   36   30   42  383  153
   879  181   55   74  497   67  167   18  168   11   26    4]
 [ 130   68  151   53   44   92   17   27   59   22    7   43   99   59
   204   78   11   25  210   74   75   14   34    5   18    1]
 [ 218  299   44   89   33   38   34   16    6   16   13    4  227   58
    45   60   79   45   26   21   44    5  177   10    7    9]
 [ 146   89   50   45   22   66   17   16    6   17    6    7   85   42
    76   77   15   20   56   26   47    7   30    1   16    1]
 [ 162   45  142   50   48  206   22   26   29   43   22   43   70   65
    66  102   15   18  127  167   71   11   53    7   29    2]
 [  88   89   20   32   25   21    8   18    1    5    3    0   84   24
    39   36   16   12   25    8   27    2   33    1    1    2]]

Acurácia de: 0.16840264578423172%.