Matriz de confusão para knn k = 9

[[ 229  310   53  102   70   65   39   30    8   16   16    6  272   91
   310   99   64   58  111    9   67    4  139    5    3    7]
 [ 117  443    8   53   50   21   35   12    1    4    5    1  202   35
    91   33   81   31   27    1   21    1   90    2    0    4]
 [ 209  130  305   67   64  181   21   30  192   32   20   61  264  127
   726  141   19   50  474   99  150   21   50   11   19    8]
 [ 160  277   36   81   43   36   37   24    3   14    9    2  202   76
   205   72   45   40   71   10   45    1  106    1    6    7]
 [ 166  234   67   71   59   75   39   21    9   10   10   12  206   90
   313   72   50   40   93   14   61    0   54    6    8    2]
 [ 271  153  225  119   96  380   40   43   21  105   35   56  210  140
   157  257   37   51  187  282  145   14  140    7   46    6]
 [  95  156   25   37   34   25   20   12    3   12    6    4  112   41
    37   46   32   19   25    4   27    2   65    1    1    2]
 [ 123  138   34   64   31   60   27   17    4   16    9    3  139   53
    76   62   24   26   41   19   42    2   58    3    4    2]
 [  82   55  227   35   14  103    9   19 2099   24    8   62   78   44
   730   57   13   13  273   97   55    7   30    2    5    1]
 [ 119   42   76   44   31  165   26   23   30   41   25   26   84   58
    36   97   16   18   82  127   46   11   74    3   16    2]
 [ 103  102   29   42   34   63   23   14    3   17    7    4  104   42
    43   64   25   15   50   11   41    7   64    1    8    2]
 [  96   24  180   36   39  210    9   19   66   40    7   69   63   85
   118   83    5   13  221  210   64   15   21    8   38    2]
 [ 294  501   89  161  114   59   67   41   10   13   13    7  440  125
   436  111   95   83  188   12   97    5  137    4    4   12]
 [ 267  275  143  116   98  136   51   28   12   26   21   39  301  127
   381  160   76   62  234   59  110    9  116   10    9    6]
 [ 373  437  222  147  189   86   31   50  202    8    8   19  706  176
  4854  117   63  104  754   15  148   11   44    7    7    4]
 [ 374  283  110  126   98  170   58   43   14   39   37   17  343  150
   161  195   62   64  117   84  120   12  181    6   20    8]
 [  93  240   13   25   26    7   22   10    1    5    6    0  144   39
    44   31   52   27   18    4   24    1   69    2    0    4]
 [ 172  278   38   83   53   32   19   18    5    7    9    6  257   73
   221   52   47   48   82    7   58    0   96    2    2    4]
 [ 450  332  490  200  196  294   51   59  128   36   28  100  642  234
  2132  222   67  118  999  163  284   34   98   13   39    5]
 [ 186   36  270   61   44  596   27   39   62  137   28  168   97  122
    81  194   15   21  285  648  105   24   80   23   83    1]
 [ 367  291  298  162  119  187   47   33   75   32   29   45  424  150
   940  219   59   63  524   67  162   15  171    8   23    2]
 [ 102   54  138   44   31  109   20   17   58   26    7   44  119   67
   208   84   14   25  230   83   78   10   28    5   17    2]
 [ 183  299   34   84   32   38   39   16    7   20   12    5  244   65
    52   69   74   37   32   18   48    3  197    7    2    6]
 [  98   78   45   35   32   67   18   17    2   20   11    7  111   55
    77   83   13   20   58   33   45    8   39    3   10    1]
 [ 133   34  117   52   39  224   13   26   32   47   19   45   87   84
    67  116   16   19  128  171   64   10   52   10   31    5]
 [  72   93   19   23   22   24   14   15    0    6    3    0   86   30
    40   37   14   11   30   10   27    2   35    1    2    4]]

Acurácia de: 0.17516916292860946%.